kinematics:
  shoulder:
    x: 0
    y: 0
    z: 0.18067958983926127
    roll: -0
    pitch: 0
    yaw: -1.3880819895069341e-07
  upper_arm:
    x: -7.7849555317199484e-05
    y: 0
    z: 0
    roll: 1.5708057228155023
    pitch: 0
    yaw: -1.4185971899394192e-06
  forearm:
    x: -0.61248127112358619
    y: 0
    z: 0
    roll: 0.0003553336007169606
    pitch: 0.0013374952789119549
    yaw: -4.214470942711743e-06
  wrist_1:
    x: -0.57141577930769327
    y: -0.0011135164882965711
    z: 0.17410063753322538
    roll: 0.0063957336462572428
    pitch: -0.00078279673332548475
    yaw: 5.8936515932927177e-06
  wrist_2:
    x: -3.1522422138199194e-05
    y: -0.11971082692773133
    z: 9.0070872031656774e-05
    roll: 1.5700439232124761
    pitch: 0
    yaw: 3.9027130742906585e-07
  wrist_3:
    x: 4.6530570722406777e-05
    y: 0.1153634444984241
    z: 8.0619131311565904e-05
    roll: 1.5714951540407227
    pitch: 3.1415926535897931
    yaw: -3.1415925490781529
  hash: calib_14719827340211409869