version:
  major: 12
  minor: 0
  build: 0
serial: H1
description: grip and sensor configure
devices:
  grip:
  - name: grip
    description: dh grip
    serial: DH
    type: tcp
    arg:
      id: 192.168.1.29
      sub_id: 8888
  - name: dhgrip1
    description: dh grip
    serial: DH
    type: tcp
    arg:
      id: 192.168.1.29
      sub_id: 8888
  force_sensor:
  - name: sensor1
    description: onrobot sensor
    serial: ATI
    type: udp
    arg:
      id: 192.168.2.11
      sub_id: 49152
      cmd: 100
    data:
      mass: 2.5900000000000001e-01
      measuring_point:
        x: 0.0000000000000000e+00
        y: 0.0000000000000000e+00
        z: 3.5000000000000003e-02
        k: 0.0000000000000000e+00
        p: 0.0000000000000000e+00
        s: 0.0000000000000000e+00
      center:
        x: 0.0000000000000000e+00
        y: 0.0000000000000000e+00
        z: 2.5000000000000001e-02
        k: 0.0000000000000000e+00
        p: 0.0000000000000000e+00
        s: 0.0000000000000000e+00
      offset:
        x: 7.2229875000000003e+00
        y: -1.2813284999999999e+00
        z: -3.0154956500000001e+01
        k: 1.5065499999999999e-02
        p: 1.9977999999999999e-02
        s: 4.4569199999999998e-01
  - name: sensor1
    description: hypersen sensor
    serial: HYPERSEN
    type: udp
    arg:
      id: 192.168.1.100
      sub_id: 8080
      cmd: 0
    data:
      mass: 2.5900000000000001e-01
      measuring_point:
        x: 0.0000000000000000e+00
        y: 0.0000000000000000e+00
        z: 3.5000000000000003e-02
        k: 0.0000000000000000e+00
        p: 0.0000000000000000e+00
        s: 0.0000000000000000e+00
      center:
        x: 0.0000000000000000e+00
        y: 0.0000000000000000e+00
        z: 2.5000000000000001e-02
        k: 0.0000000000000000e+00
        p: 0.0000000000000000e+00
        s: 0.0000000000000000e+00
      offset:
        x: 6.1109150000000003e+00
        y: 1.0641105000000000e+00
        z: -1.6643862000000002e+01
        k: 3.1391499999999996e-02
        p: 2.7490000000000001e-03
        s: 3.9422299999999999e-01
