version:
  major: 12
  minor: 0
  build: 0
serial: T1
description: grip and sensor configure
devices:
  force_sensor:
  - name: right_sensor
    description: ATI Axis-80-M20
    serial: ATI
    type: ethercat
    arg:
      id: slave:11.pdo:6000,1.FxGage0
      sub_id: slave:11.pdo:7010,1.Control 1, slave:11.pdo:6010,0.Status Code
      cmd: 16720
    data:
      mass: 2.9999999999999999e-01
      measuring_point:
        x: 0.0000000000000000e+00
        y: 0.0000000000000000e+00
        z: 4.9399999999999999e-02
        k: 0.0000000000000000e+00
        p: 0.0000000000000000e+00
        s: 0.0000000000000000e+00
      center:
        x: 0.0000000000000000e+00
        y: 0.0000000000000000e+00
        z: 3.6700000000000003e-02
        k: 0.0000000000000000e+00
        p: 0.0000000000000000e+00
        s: 0.0000000000000000e+00
      offset:
        x: 6.6284615000000002e+00
        y: -1.7882840000000000e+00
        z: -4.5984599500000002e+01
        k: -1.1163550000000000e-01
        p: -1.6625500000000001e-02
        s: 5.5893550000000003e-01
  - name: left_sensor
    description: ATI Axis-80-M20
    serial: ATI
    type: ethercat
    arg:
      id: slave:20.pdo:6000,1.FxGage0
      sub_id: slave:20.pdo:7010,1.Control 1, slave:20.pdo:6010,0.Status Code
      cmd: 16720
    data:
      mass: 2.9999999999999999e-01
      measuring_point:
        x: 0.0000000000000000e+00
        y: 0.0000000000000000e+00
        z: 4.9399999999999999e-02
        k: 0.0000000000000000e+00
        p: 0.0000000000000000e+00
        s: 0.0000000000000000e+00
      center:
        x: 0.0000000000000000e+00
        y: 0.0000000000000000e+00
        z: 3.6700000000000003e-02
        k: 0.0000000000000000e+00
        p: 0.0000000000000000e+00
        s: 0.0000000000000000e+00
      offset:
        x: -6.8447648500000000e+01
        y: -8.1762000000000001e-02
        z: -3.5436205000000001e+01
        k: -2.2325500000000001e-01
        p: 1.1902050000000000e-01
        s: 4.8683000000000004e-02
