version:
  major: 12
  minor: 0
  build: 0
serial: T1
description: grip and sensor configure
devices:
  force_sensor:
  - name: sensor
    description: ATI Axis-80-M50
    serial: ATI
    type: ethercat
    arg:
      id: FxGage0
      sub_id: Control 1,Status Code
      cmd: 0
    data:
      mass: 7.000000000000000e-01
      measuring_point:
        x: 0.0000000000000000e+00
        y: 0.0000000000000000e+00
        z: 2.5400000000000003e-02
        k: 0.0000000000000000e+00
        p: 0.0000000000000000e+00
        s: 0.0000000000000000e+00
      center:
        x: 0.0000000000000000e+00
        y: 0.0000000000000000e+00
        z: 1.6700000000000001e-02
        k: 0.0000000000000000e+00
        p: 0.0000000000000000e+00
        s: 0.0000000000000000e+00
      offset:
        x: -1.0174330000000000e+00
        y: 7.4278139999999997e+00
        z: -2.4148260000000001e+00
        k: -2.4828400000000000e-01
        p: -1.0714000000000000e-02
        s: 6.7771999999999999e-02
  - name: right_sensor
    description: ATI Axis-80-M50
    serial: ATI
    type: ethercat
    arg:
      id: FxGage0
      sub_id: Control 1, Status Code
      cmd: 0
    data:
      mass: 7.8000000000000003e-01
      measuring_point:
        x: 0.0000000000000000e+00
        y: 0.0000000000000000e+00
        z: 3.5000000000000003e-02
        k: 0.0000000000000000e+00
        p: 0.0000000000000000e+00
        s: 0.0000000000000000e+00
      center:
        x: 0.0000000000000000e+00
        y: 0.0000000000000000e+00
        z: 2.5000000000000001e-02
        k: 0.0000000000000000e+00
        p: 0.0000000000000000e+00
        s: 0.0000000000000000e+00
      offset:
        x: 6.1109150000000003e+00
        y: 1.0641105000000000e+00
        z: -1.6643862000000002e+01
        k: 3.1391499999999996e-02
        p: 2.7490000000000001e-03
        s: 3.9422299999999999e-01
